100
5 111021
6 2090091
6 1190001
6 3005001
6 0060001
5 802993
6 0000001
6 0000304
6 8003001
2 208
3 4031
6 1210201
6 0011012
0 1
6 0000001
2 701
0 1
6 9999999
6 5452991
6 3177031
6 2212011
3 2021
6 8000001
5 180002
6 1703021
6 2102201
6 0060081
6 0000301
2 001
6 7000071
6 1419753
4 03987
6 0000008
6 2800001
6 2002012
3 5011
6 8040101
5 122011
6 1122011
6 0000001
6 5836341
6 0000001
2 001
3 0001
6 0080006
6 0000001
6 9650233
6 4580001
6 8646569
6 7000001
6 3894065
5 531179
5 500005
4 00058
6 0500001
6 3763902
0 1
6 1001012
1 09
6 1201201
4 50141
5 110011
6 1111111
6 0000001
6 7242472
4 01002
3 2809
1 71
1 02
5 000001
1 57
0 1
6 2020981
6 0095701
6 0000411
3 0001
0 3
6 3005001
6 0000001
1 63
6 2241568
6 0000001
6 0000061
3 0001
6 1200001
4 11111
6 0020001
0 1
6 1012221
6 8745259
5 939611
6 2112122
4 00001
6 0090201
5 122201
3 1222
2 743
6 8000801
6 6100001
1 11
