670 -914 -363 999
-448 -971 -460 658
-631 -613 882 -576
592 16 -610 -808
800 -418 524 752
827 -349 286 -345
-785 -266 365 671
671 941 -881 -355
-330 67 456 -453
193 388 569 -588
-291 -905 -649 603
-950 -484 -813 -344
-825 581 -102 860
-435 66 -826 754
573 7 -111 792
443 -742 -172 983
-977 283 -909 95
-351 80 242 -839
-931 865 -534 -190
889 -511 474 736
121 -917 -487 593
840 296 456 -561
670 875 576 247
834 -300 -568 -791
545 -387 -422 644
409 723 -332 721
340 -100 -440 -641
-891 -420 -235 634
-952 249 963 268
999 -952 285 313
773 32 -206 -352
-596 -870 -376 869
-795 912 420 -742
865 -729 873 987
-356 207 -755 402
-59 578 875 -260
568 -658 -69 698
368 -421 -555 129
-510 -267 219 -513
-153 -931 523 -935
-362 -47 -735 -459
-368 -682 830 -309
376 -774 367 -594
-329 867 -122 -288
-219 -80 -992 -499
-169 -937 -43 337
-938 537 405 395
130 -114 -229 863
534 -155 -614 -751
218 636 236 -500
735 -875 -933 -488
-54 994 -215 502
275 7 576 878
-546 -375 532 -211
444 361 -689 -893
-550 -979 187 -516
758 49 -933 -99
-953 75 -890 -927
-231 455 -492 -943
693 -902 -761 362
929 -297 -555 804
-241 631 412 595
-273 -425 422 888
-312 511 -160 -372
20 82 -647 -722
-838 592 -189 -323
250 -664 479 -782
-272 245 -842 899
-600 973 25 596
170 -694 753 568
-673 728 702 313
331 302 880 913
-481 -395 480 -623
173 746 -894 341
48 799 -545 -80
-226 392 283 -907
-888 -467 -566 91
-135 -249 -980 -279
-366 765 943 537
796 864 562 -889
881 980 -216 -995
-122 535 93 -126
-313 318 -38 406
-70 -626 -883 -271
-645 -378 -604 -784
-402 476 955 685
102 -782 475 910
448 53 -714 843
411 854 -595 -149
-758 826 58 -776
611 -298 -925 783
108 -141 330 -131
-4 -289 731 -834
357 -991 654 -161
-774 433 613 176
-653 -77 573 -388
-775 464 -318 81
-947 -429 874 456
-596 331 223 -934
-69 -911 427 -15
869 -653 -722 193
-338 -75 890 -740
-460 -12 711 -620
676 253 504 -255
-891 -606 122 -829
161 -176 202 302
520 -403 338 125
141 -509 798 -205
-13 279 -648 -558
-851 826 -14 480
-525 272 252 777
133 -2 10 -96
704 945 77 515
-837 113 357 789
48 50 -124 -782
479 -157 10 522
663 12 367 753
675 177 712 412
35 -644 -884 -877
-979 -538 823 -172
763 299 -804 -522
-996 -63 -247 -250
680 -924 -150 110
-816 -906 -735 -130
-555 -761 -122 -184
-731 -659 -271 -916
-561 -741 781 -346
266 -914 948 -692
181 957 -414 773
-740 515 -666 -244
-295 822 845 -898
283 739 -14 764
746 795 -386 422
383 671 -486 418
-317 -514 790 -697
-957 -185 22 -255
-690 850 440 620
208 -12 -173 490
864 668 -85 759
967 -381 130 -991
-391 41 777 283
430 905 -517 -72
650 -689 -484 -262
775 533 -907 141
493 -589 -991 245
-969 987 -264 423
127 617 -508 -451
83 -724 852 -612
76 105 550 386
-374 430 716 147
317 668 -276 526
-262 422 -624 353
-121 533 -165 145
43 430 853 -502
442 997 833 950
-859 867 -782 464
349 787 584 -962
559 -179 318 963
-552 -235 -897 -780
-521 -506 331 -105
688 246 -564 -535
585 -97 -190 -676
-245 -708 -984 51
465 -295 622 -636
-466 311 -692 112
390 -191 -395 336
362 -1 706 25
-823 487 500 -463
208 -790 -518 -733
497 -382 61 -495
-927 217 289 30
-169 -393 -330 -939
802 -586 -279 616
387 692 -525 -176
-633 263 -129 -632
-674 783 -590 21
396 271 786 -88
726 -900 -411 -302
46 653 -93 67
-90 210 164 828
-658 619 -951 -322
-790 -882 244 -543
286 -77 -753 80
490 -316 -27 309
-934 -627 -441 -916
-233 -809 -218 262
796 -162 -228 -926
-50 263 -814 779
948 -339 -144 -132
-894 -732 448 -983
-426 -260 -431 725
-491 -633 -417 -901
-126 -293 829 832
904 -605 -705 474
-824 -847 -166 448
763 -789 -543 38
-221 -927 47 665
-259 -788 806 858
-967 142 12 -527
-862 413 -880 -558
528 -857 375 243
-758 -747 777 -340
545 337 -160 460
124 -272 856 106
330 355 175 -622
-598 763 461 825
-351 -253 -600 -713
-606 -591 -899 -259
974 -537 -405 -505
990 366 -499 503
13 826 -769 577
537 350 -977 -236
841 -403 210 671
582 193 -130 323
102 -557 381 -529
66 413 208 239
186 -778 -467 -498
438 -738 580 -786
59 599 -949 614
188 -910 473 681
-435 -465 -217 -108
444 793 391 824
-680 399 -879 158
0 904 826 -954
-905 726 -372 464
668 732 -531 818
-557 898 -680 264
-936 805 -448 -812
-9 -120 427 -987
741 -400 -630 88
300 579 -884 -220
-108 756 -487 -362
633 -298 207 -618
977 -735 828 -169
-657 51 -889 -164
-143 -249 -633 -328
692 -813 -500 -67
-271 -915 -485 -706
-694 75 -811 -322
-821 -973 -409 -792
-526 210 586 684
930 -840 258 -628
821 732 -315 710
695 807 -91 -775
-88 343 -986 607
-465 -112 -919 -136
-549 933 483 -944
5 -429 880 57
-665 465 692 267
902 327 -973 340
146 103 523 749
881 985 -302 -965
349 19 -106 -795
-476 514 334 -351
976 242 83 -282
-260 -229 -230 -616
636 790 517 206
-98 -604 -750 -88
-542 -385 -696 -94
246 -401 -54 600
-234 651 938 -666
223 -128 185 -525
-972 627 96 497
-559 -556 -872 -323
168 468 430 -900
-84 -359 266 554
-704 136 141 768
395 -803 -416 884
-642 601 -112 388
144 -362 -916 -68
380 422 230 352
-459 647 -136 175
-213 -139 870 641
608 -662 -71 -104
-203 64 177 -261
-437 230 145 759
-479 -276 68 -167
485 586 92 534
497 -296 -840 710
-288 -364 87 683
228 292 -219 -409
-102 -201 -26 926
862 -114 -881 512
-636 711 -62 -733
17 -643 914 -451
738 76 -452 456
246 -210 761 926
-279 -239 399 495
-63 -353 -558 -897
454 297 -817 -983
560 617 691 375
927 -594 989 -161
-220 143 517 -588
-492 619 -98 -816
494 -534 642 757
-642 700 -567 536
143 644 -75 349
921 232 -474 174
-398 662 569 -503
-395 -879 -968 777
-215 723 78 -839
-436 -405 -74 -805
565 -851 -437 185
12 640 631 -946
727 -101 -511 560
-227 175 93 -99
-392 -306 -196 -740
-724 -490 274 -755
-673 -616 -102 -499
346 62 -228 112
-279 -912 -833 -197
223 371 -501 -564
549 -531 292 -799
-574 377 228 386
346 501 -615 2
115 865 -777 205
-192 -767 411 619
443 -628 -154 430
29 410 -531 780
424 -584 545 -660
-104 522 -95 318
322 -282 224 308
78 727 -815 61
393 -553 374 839
-53 -113 536 -308
-880 203 -612 727
481 -258 653 -176
-333 745 -871 -279
295 565 -736 -553
147 -775 -93 970
-667 383 258 -469
-681 -203 973 -737
489 -651 -283 264
917 757 688 -215
288 -429 641 -715
876 -693 -320 757
-4 -278 -894 273
-72 705 -804 823
-652 789 -478 -220
-98 -330 983 -154
541 627 856 -939
606 -870 -561 405
769 871 529 702
957 490 -971 -803
140 121 812 947
825 -736 -537 762
-738 619 -181 -324
-52 420 560 354
560 -788 35 -218
-741 418 45 -95
-951 89 -226 151
-997 -518 -989 619
400 534 872 -941
-908 -588 -243 -396
189 282 540 -425
449 685 276 607
492 402 -190 -559
425 -691 -694 336
-295 434 -963 -71
-635 -973 848 884
-49 577 413 481
-651 -749 -199 313
737 504 98 917
295 591 -233 511
-997 -301 -283 121
87 -786 -961 -193
-661 183 -762 46
124 -803 340 -158
-743 -933 -317 -482
-912 36 122 -466
-614 -984 524 -672
-503 -258 219 42
559 184 -740 412
521 423 436 -911
195 -937 458 484
-214 -912 417 676
522 -290 486 -376
-277 -398 696 -564
-124 -747 -101 931
-803 -55 -724 -499
4 507 326 -436
-304 126 893 -897
487 -346 850 821
926 -778 716 596
53 -183 -881 -143
671 488 948 405
999 674 -648 799
827 801 -628 391
-976 74 742 15
-307 821 575 -977
2 -918 957 422
-391 766 -389 -808
-683 -962 -486 -779
843 -954 -823 -618
-803 -664 801 -494
516 -378 227 104
975 -692 -506 183
-883 -547 -87 -959
-941 -916 907 -262
880 -351 -272 566
110 -873 629 549
956 804 663 -935
-449 -563 127 67
431 -684 1000 -535
-635 428 -704 -593
291 933 153 -255
96 -770 -962 -22
-884 194 -971 455
635 -963 43 -415
-86 576 292 511
681 -925 657 950
-433 -749 393 985
70 635 830 -406
901 -699 626 -729
168 -797 279 -571
-851 84 927 -407
157 -716 934 -608
20 843 105 -277
-833 346 -578 817
-73 986 -696 832
-825 -626 339 -533
858 -294 -493 -488
-388 1 -495 821
907 826 855 277
-993 530 -87 192
688 -674 -412 554
-576 527 589 456
156 -123 -365 -689
328 904 212 631
505 -213 -695 -338
-587 425 451 905
348 17 547 271
936 -799 -862 -376
776 -746 -468 -240
211 709 140 882
553 -685 318 617
-52 39 43 228
-849 -319 -395 -974
-590 930 -644 -511
183 -459 -568 -504
-526 -430 -520 889
-582 -926 660 859
148 -692 -295 -708
221 -42 -704 853
-44 86 25 -355
959 -813 -333 740
525 989 -493 -155
-903 685 394 927
-892 400 -878 650
133 386 248 -86
-128 119 -791 -140
16 31 -856 -646
-549 852 -551 259
-421 670 -842 -824
-843 43 743 -576
73 53 5 -841
-222 510 -151 -80
-116 -435 -31 -346
528 -521 -8 160
322 630 -235 -858
-308 -933 911 -130
-508 693 71 -608
740 -719 725 396
-542 658 -672 -348
643 694 550 -838
-579 -187 840 -454
-871 -912 545 662
-498 -130 723 -205
-621 435 -840 212
548 705 340 263
772 -78 -805 -154
462 -438 747 70
281 765 422 135
566 682 940 173
245 -519 -192 60
953 -193 -682 582
-124 -578 997 473
-813 -432 -243 528
-546 83 -897 670
58 479 711 -599
-736 -384 261 418
109 471 23 492
340 -598 -27 -762
404 -454 528 -463
970 906 -205 535
-670 271 906 976
717 374 35 -983
96 -176 -171 754
-385 -17 -750 -884
-3 987 -888 254
434 -646 208 860
245 227 -653 -283
-531 -217 -21 -186
155 -431 -941 -223
-736 547 -356 210
275 -965 -886 135
-702 -230 935 -979
-988 -155 328 -16
-573 -472 967 -874
778 -16 107 269
767 882 130 -204
-454 491 15 -498
244 -55 713 556
193 819 -439 20
493 724 -868 622
734 229 -754 -761
178 335 565 278
-610 329 870 232
579 162 689 -41
-12 878 -694 384
-162 135 -459 278
-951 -585 989 -864
-217 -967 159 773
782 440 -503 185
-867 637 347 838
856 66 563 731
105 -891 986 951
-313 -542 23 395
-214 26 -244 -521
206 -81 683 -88
-535 158 -581 597
798 666 -761 364
-381 -931 111 350
-206 -480 -799 772
470 -457 838 920
138 630 -864 -656
-707 -416 334 -357
-382 -614 -735 -67
-796 685 -570 880
117 -246 506 765
658 790 802 -357
44 -362 634 977
120 -853 -61 668
477 -577 862 901
-249 263 -756 409
447 781 835 162
-498 -691 -900 -610
874 563 -205 421
796 -435 999 501
391 -610 -980 277
-21 99 -192 618
934 743 971 404
-269 -170 227 95
219 260 340 281
604 836 -10 141
801 405 -262 -569
-542 178 -866 168
-554 -848 520 -570
219 -17 -244 377
-256 573 -293 -950
-305 552 742 165
398 -703 748 -305
98 -902 950 335
323 78 235 -621
-475 -722 843 -967
673 -475 261 -302
-574 448 738 793
-378 -778 -799 763
-603 662 -979 -103
-181 594 806 976
201 -668 -277 -945
-187 -230 673 -475
-776 95 -653 511
532 780 296 145
311 -57 999 -963
553 991 819 323
-318 326 105 -581
-119 818 148 91
395 -762 55 281
-193 871 43 -284
-763 -385 -548 968
-539 179 179 766
17 640 964 191
-503 536 118 -268
991 193 306 -364
264 487 -120 -940
845 -266 650 554
-189 -880 -723 866
-653 950 999 962
200 832 69 -900
-595 315 559 741
-922 -334 422 -156
9 235 -240 -600
-274 653 -604 305
738 -50 -150 -814
83 -794 573 360
-807 372 -736 973
-846 859 -196 708
973 647 892 -756
63 -954 -16 669
-511 288 513 458
788 -152 234 -145
-819 789 -721 -440
448 -187 707 353
783 457 -55 -447
902 541 281 -224
-513 250 -62 30
400 115 -672 57
-894 -908 941 320
-525 744 -945 -201
-533 80 763 313
-366 -544 481 -751
437 328 177 -680
-727 -11 -105 -638
-54 122 -104 41
32 591 -39 176
354 -737 338 -430
274 -967 96 276
554 67 -231 267
93 -797 802 -405
-375 883 -72 -436
40 366 -469 901
-203 -836 -101 731
46 -277 -963 797
-166 320 529 416
-721 -165 310 -632
135 -628 -94 -964
903 200 -897 505
779 -639 100 -850
-506 68 -506 -229
-630 -334 -499 668
-612 -854 963 158
-987 532 549 150
95 -573 -28 312
725 872 -291 37
-300 -834 -896 943
871 -438 -123 -159
644 -883 -121 360
366 -468 623 -616
348 591 -861 -471
-64 360 -368 49
-728 480 -16 164
-695 470 56 944
701 -387 880 -686
204 270 788 -126
-701 -795 440 294
310 700 -152 -482
55 79 909 -423
739 -364 875 -585
-849 202 191 -879
222 -883 742 573
-698 -318 273 798
-350 249 -187 -915
-900 -305 778 389
-478 513 -631 -38
751 94 -479 -912
221 -563 -144 402
-420 -246 843 414
760 641 803 298
1000 138 407 -562
-258 761 727 -801
899 398 710 -9
932 175 -345 860
509 685 -516 168
461 -765 -745 -41
381 -988 -44 621
-715 344 894 -749
664 575 755 196
215 -22 280 514
610 103 276 36
646 -267 740 -593
-598 -816 102 -421
-202 -800 -894 -974
18 605 51 107
-360 -563 292 916
339 -481 530 -459
753 948 405 221
551 295 -515 837
460 558 794 -533
337 231 817 761
92 -873 159 -726
-542 -30 -776 798
-796 -648 -478 -699
-122 -570 524 669
-493 -137 -760 -429
-534 -915 -68 -865
896 -965 2 20
898 384 499 894
-749 -400 -18 214
889 14 -184 269
-571 756 -400 -369
-159 36 -729 586
-963 569 423 -9
260 -766 813 996
646 872 -529 304
-374 -737 132 -688
-214 -428 -933 -362
982 -207 -129 -363
269 689 667 -83
-971 121 -794 941
-195 274 -607 720
-922 805 -530 -907
-585 372 805 -216
-907 859 303 504
-231 -708 124 198
-989 899 402 -21
-245 -718 151 844
-608 -563 44 -393
883 -528 439 57
-567 -86 -92 702
513 349 249 824
525 -231 -784 688
477 762 464 -469
-59 770 -542 772
-552 164 -799 -572
899 -59 -737 -209
-922 645 -146 -742
355 -978 485 984
609 -789 -275 -41
529 543 -703 534
656 -913 721 538
-718 -69 -903 208
383 -899 859 539
666 -395 251 110
627 57 717 31
686 -690 38 759
144 251 670 -793
-814 145 -156 136
-300 -860 -250 974
238 -755 -382 -930
890 107 -152 -696
283 235 -886 643
408 -564 465 664
950 -537 71 671
-876 -342 86 -917
448 -914 -587 -558
-325 13 304 -356
173 894 686 -839
900 469 549 939
-376 -390 -847 -269
826 -567 292 -213
-171 125 256 -364
-231 -592 -164 -781
-336 354 18 62
-197 324 682 143
716 923 606 -48
143 -335 -757 780
160 -125 -675 -360
679 715 37 81
425 756 215 333
798 -691 -717 -654
-777 316 -945 756
-211 -899 476 276
722 -273 733 -436
-967 -121 -118 -468
553 -414 -76 298
-538 -252 -29 -174
-653 -960 -701 980
-559 -957 -185 -779
636 350 392 288
-360 -478 -816 395
-438 -549 -883 -247
345 -716 -76 -825
439 -221 -393 -763
989 -893 -788 -10
-400 -640 -243 -955
-243 -410 -832 26
280 -925 496 421
-831 -445 -187 293
-972 -464 179 -331
467 272 -118 276
456 576 -603 -167
452 -879 -513 -649
-168 -169 97 142
232 196 -573 -191
285 -438 -481 -402
-424 -314 -665 107
-212 -816 73 497
-782 -220 961 645
246 939 -869 -934
-760 -166 599 711
286 -265 543 -709
-759 -389 142 870
834 -209 -130 -344
264 -681 -960 -411
-194 428 296 -451
-967 103 635 513
-598 71 -206 716
537 -140 394 65
451 -45 217 -417
687 435 -886 493
41 543 -502 339
620 -180 -487 -644
408 -571 989 -754
-421 -397 65 607
342 -56 -368 732
-3 -444 853 -724
-380 -192 -701 -779
-72 -50 540 750
-952 540 241 627
-968 -422 605 966
545 -267 260 -462
-692 778 154 -157
-64 -939 -971 -863
772 626 233 601
-838 883 268 187
-762 -828 -954 546
-651 -995 881 741
643 -93 49 -575
469 640 757 -790
225 -429 756 152
-719 -669 272 -313
949 288 -638 501
583 -730 104 -280
430 -716 -493 714
-220 831 -522 746
350 994 -48 -831
-162 -263 -645 865
470 -404 304 262
876 604 -575 -629
-907 305 628 867
-696 -84 -430 762
562 -619 -785 703
-711 917 -462 955
85 -228 -292 -176
-321 -100 -313 553
-103 28 -293 -515
630 -323 424 806
-215 -756 -217 855
-217 -633 812 -344
390 -599 -393 531
940 237 546 682
907 538 -779 -125
771 899 423 425
125 -461 -670 924
-291 743 -73 3
138 -162 460 -976
131 -264 -220 810
-353 350 -778 554
125 648 -976 822
-624 -99 121 129
-336 788 -715 -190
-168 -760 -867 -676
555 -608 412 369
316 -459 -501 751
-595 639 989 624
-690 -953 -203 731
-421 733 -501 102
-608 -608 849 -711
466 140 -720 -922
495 92 -776 383
504 -368 467 984
-529 665 88 -268
180 555 -669 -307
703 616 13 -982
-960 -488 -8 479
-122 -35 -70 666
698 289 -924 832
-617 661 242 675
705 464 -251 640
569 589 826 534
453 609 -457 -809
-672 604 -64 607
-960 756 762 684
-947 123 -409 121
248 619 -815 321
786 -868 -301 587
-692 -978 955 -478
420 -459 -943 -103
378 889 286 621
-645 -46 -651 -147
690 470 887 -668
971 -24 -5 -430
849 109 269 -587
-640 780 844 -102
-72 -954 425 -268
365 681 -317 -17
-975 72 773 862
366 -614 -792 587
-862 782 126 190
-226 239 -187 -706
418 -318 -84 10
-716 556 114 -323
843 -517 -674 587
-710 -243 -448 -745
-53 930 -884 -74
99 -700 325 -429
-965 999 588 -332
-902 -404 325 695
-60 373 15 -326
421 -837 -418 -951
584 642 147 -809
846 -712 27 -247
998 -880 340 -230
123 868 -162 -327
318 -505 815 37
303 587 274 -167
748 85 -101 715
52 -635 -2 744
-434 906 -919 -206
538 -587 889 -439
514 542 -344 -384
604 -477 -403 399
18 -983 -118 -476
82 -165 -615 119
-87 -734 -356 371
-810 859 -333 378
-78 131 -701 -918
385 410 -23 99
422 -463 85 311
242 319 -808 375
836 -90 586 588
-896 -749 188 -900
32 -829 952 887
-431 -813 202 754
467 38 767 -643
-798 -374 399 617
362 78 -667 755
-714 794 -417 -593
-722 987 207 -268
56 -633 40 609
-435 174 142 705
-123 -125 753 -553
79 -933 731 -321
-433 540 345 -694
-361 713 340 -176
-40 -79 714 260
578 996 -985 613
925 -161 142 134
467 -689 -135 -22
220 -67 -904 -592
27 445 -364 -915
-695 468 -624 466
-256 -182 -443 122
609 352 143 29
-613 832 137 242
561 786 523 -217
-978 328 -628 979
-387 -296 -769 -30
894 47 -281 -882
766 -82 -13 -132
-422 -63 -257 349
382 -603 579 -337
590 573 -392 -195
-480 372 472 900
434 -814 -520 -48
373 -371 -182 853
-647 379 -89 219
-711 -703 739 632
150 -882 962 160
761 209 420 -30
-995 -75 -211 -62
470 -754 926 257
153 278 571 -150
851 -423 899 150
-885 332 -573 527
786 145 -441 -515
-690 -694 993 87
-860 -978 78 -658
320 603 520 -536
-95 -322 742 611
984 125 -740 737
-470 -467 -972 -248
800 396 -120 100
293 -81 -924 -4
391 411 -758 -488
-38 -745 -462 -52
-880 -100 -587 -480
-797 623 66 134
251 -461 -331 -246
802 -684 -651 -591
-437 544 527 887
98 667 312 213
-438 -767 -561 -527
773 -84 379 -798
-503 195 557 229
-140 -923 234 -675
-826 -280 36 -600
-138 296 731 -660
-796 -431 49 -332
-515 793 654 135
863 -646 486 415
-402 624 -995 380
-576 -585 139 767
-350 -419 -131 -80
341 -278 798 -612
-482 -737 90 -278
674 -918 109 295
944 499 400 -187
-940 -748 -151 767
-64 -612 -754 51
-521 342 -206 -459
-394 655 -469 -961
-436 274 254 -957
573 -812 -883 -401
-477 98 -311 25
-213 -358 913 -251
-251 262 -639 250
167 -543 170 -440
664 -699 -660 -254
-954 72 -772 -417
981 -583 374 363
102 -95 -509 -880
-688 922 -143 261
-217 -514 15 -316
152 -581 -458 228
-97 -873 583 -902
-758 -735 -547 160
985 -280 688 507
977 -811 -285 760
0 0 0 0